17614304344 987654321
15584225894 987654321
17519244976 987654321
17614306634 987654321
15584348784 987654321
15584303694 987654321
15584328304 987654321
15584348414 987654321
17614302714 987654321
15584244334 987654321
17614306684 987654321
17678367154 987654321
15584333394 987654321
15584223134 987654321
15584340604 987654321
15584244034 987654321
17678368914 987654321
17543061214 987654321
15584245264 987654321
17543062734 987654321
15584218094 987654321
17614303834 987654321
17543068254 987654321
15584380194 987654321
15584380914 987654321
15584190294 987654321
15584324304 987654321
15504464314 987654321
15584361664 987654321
15584388944 987654321
15584388764 987654321
15584400684 987654321
15584364634 987654321
15584359294 987654321
15584358664 987654321
15584451204 987654321
15584413374 987654321
15504467984 987654321
15504464304 987654321
15584413014 987654321
15584413924 987654321
15584415894 987654321
15584380264 987654321
15584360084 987654321
15584360284 987654321
15584416714 987654321
15584451344 987654321
15584361274 987654321
15584324624 987654321
15584307284 987654321
15584413574 987654321
15584424554 987654321
15584361284 987654321
15584358684 987654321
15584417534 987654321
15584360924 987654321
15584388564 987654321
15584389464 987654321
15584361554 987654321
17643039224 987654321
15584412704 987654321
15584360054 987654321
15584358624 987654321
15584359434 987654321
15584361404 987654321
15584425674 987654321
15584450694 987654321
15584423414 987654321
15584361684 987654321
15584361044 987654321
